%YAML:1.0
---
calibrationDate: "Thu Jun 13 15:41:23 2019\n"
transformationMatrix: !!opencv-matrix
   rows: 4
   cols: 4
   dt: d
   data: [ 3.9217634476994981e-03, 8.8237574290398257e-01,
       -1.1971309769558335e-02, 4.0119134261515732e-01,
       8.9116949315975091e-01, 9.4455016221448723e-02,
       1.8055834859871481e-01, -7.6847229645078297e-01,
       6.9072537974644466e-02, -1.0220715310180703e-01,
       -8.9725120415747506e-01, 8.4445040487161172e-01, 0., 0., 0., 1. ]
