%YAML:1.0
---
pose: [ -8.9838182129822197e-03, 6.6188503343699723e-01,
    3.4625839220651350e-01, -2.1807398140856957e-01,
    -2.1493343093482813e-02, -2.1691363610585154e-01,
    9.5127821866508588e-01 ]
