%YAML:1.0
---
calibrationDate: "Sun Sep  5 12:45:47 2021\n"
transformationMatrix: !!opencv-matrix
   rows: 4
   cols: 4
   dt: d
   data: [ 7.5731232861222786e-01, -2.9242212394793486e-02,
       -6.5239783104037274e-01, -1.1300134293649754e-02,
       -6.5271636119572896e-01, -1.8275703739521615e-03,
       -7.5760016619186077e-01, 1.4270866106404587e-02,
       2.0961602022073124e-02, 9.9957068434442653e-01,
       -2.0470912043242862e-02, 2.6339790423308979e-01, 0., 0., 0., 1. ]
