%YAML:1.0
---
calibrationDate: "Sun Sep  5 14:04:17 2021\n"
cameraMatrix: !!opencv-matrix
   rows: 3
   cols: 3
   dt: d
   data: [ 2.7438419198131601e+03, 0., 9.3408168466311929e+02, 0.,
       2.7479945836943139e+03, 6.2408290607078004e+02, 0., 0., 1. ]
distCoeffs: !!opencv-matrix
   rows: 1
   cols: 5
   dt: d
   data: [ -2.7381808403265118e-01, 2.6897875798890675e-01,
       -2.4014835776115908e-03, 1.9076596783722029e-03,
       -1.9656495635184446e-01 ]
