%YAML:1.0
---
pose: [ 2.85908014e-01, -5.08096337e-01, 1.65725067e-01, 8.64042282e-01,
    -1.75592192e-02, 2.41056681e-01, 4.41604167e-01 ]
