%YAML:1.0
---
pose: [ 3.29977155e-01, -3.34774494e-01, 2.05656543e-01, 8.12245667e-01,
    -9.32440832e-02, 2.93849260e-01, 4.95192051e-01 ]
