%YAML:1.0
---
pose: [ 2.73345411e-01, -3.08984458e-01, 1.67998716e-01, 8.14829767e-01,
    1.39286622e-01, 3.44018698e-01, 4.45311993e-01 ]
