%YAML:1.0
---
pose: [ 3.26365054e-01, -4.88811940e-01, 1.76165864e-01, 8.20657253e-01,
    9.18563679e-02, 2.95034587e-01, 4.80664760e-01 ]
