%YAML:1.0
---
pose: [ 2.82547653e-01, -3.91619027e-01, 2.09547773e-01, 7.93785870e-01,
    -1.57837480e-01, 2.64466375e-01, 5.24451017e-01 ]
