%YAML:1.0
---
pose: [ 3.00891578e-01, -3.40263277e-01, 1.26495466e-01, 7.90573895e-01,
    -1.43284172e-01, 2.81540155e-01, 5.24592936e-01 ]
