%YAML:1.0
---
pose: [ 2.59693712e-01, -5.38773119e-01, 2.08126321e-01, 7.79271960e-01,
    -3.66125196e-01, 3.88099164e-01, 3.28734815e-01 ]
