%YAML:1.0
---
pose: [ 2.89161861e-01, -3.37009341e-01, 9.67622623e-02, 8.15778673e-01,
    -1.06029779e-01, 3.00865382e-01, 4.82434273e-01 ]
