%YAML:1.0
---
pose: [ 2.42598489e-01, -5.38978457e-01, 2.28770316e-01, 7.16421247e-01,
    -4.73397106e-01, 3.64222109e-01, 3.60524595e-01 ]
