%YAML:1.0
---
pose: [ 2.49154970e-01, -3.21277052e-01, 2.93598652e-01, 8.74431849e-01,
    2.30393931e-01, 2.07618907e-01, 3.73070985e-01 ]
