%YAML:1.0
---
pose: [ 2.41476238e-01, -4.14536983e-01, 1.10119939e-01, 7.59310424e-01,
    -2.24485382e-01, 2.41082057e-01, 5.61189294e-01 ]
