%YAML:1.0
---
pose: [ 2.69839674e-01, -3.47841024e-01, 2.47210309e-01, 8.74254644e-01,
    -1.70396864e-01, 3.73367906e-01, 2.59307027e-01 ]
