%YAML:1.0
---
pose: [ 2.74666518e-01, -3.55511397e-01, 2.79232472e-01, 8.65665674e-01,
    2.29207411e-01, 2.14428291e-01, 3.90009493e-01 ]
