%YAML:1.0
---
pose: [ 2.42646679e-01, -5.38986564e-01, 2.28769749e-01, 8.56620550e-01,
    5.90397567e-02, 7.03884512e-02, 5.07701695e-01 ]
