%YAML:1.0
---
pose: [ 3.23835313e-01, -4.94452715e-01, 2.28780895e-01, 8.49358201e-01,
    1.25943497e-01, 1.09902985e-01, 5.00649810e-01 ]
