%YAML:1.0
---
pose: [ 2.96968013e-01, -3.01798284e-01, 1.87258124e-01, 7.96833575e-01,
    1.60067737e-01, 3.66449684e-01, 4.52934027e-01 ]
