%YAML:1.0
---
pose: [ 3.83324087e-01, -2.66881555e-01, 1.99627385e-01, 8.10030162e-01,
    -5.97006902e-02, 3.66309136e-01, 4.53987420e-01 ]
