%YAML:1.0
---
pose: [ 3.25959563e-01, -2.28156194e-01, 1.64943546e-01, 8.48477364e-01,
    -4.76341136e-02, 2.91832745e-01, 4.38920021e-01 ]
