%YAML:1.0
---
pose: [ 2.19218343e-01, -3.75778466e-01, 9.16345567e-02, 7.93560505e-01,
    -2.13845849e-01, 2.07401901e-01, 5.30580878e-01 ]
