%YAML:1.0
---
pose: [ 4.7769457999999998e-01, -2.1984359700000000e-01,
    1.1348642700000000e-01, -1.6004915624961472e-01,
    -6.3043102909904414e-01, 7.5271595524368395e-01,
    -1.0178249286834798e-01 ]
