%YAML:1.0
---
pose: [ 5.7864215100000005e-01, -6.0104510500000008e-01,
    1.2682496600000001e-01, -4.6617023128221347e-01,
    -5.7880438065078721e-01, 6.3681489571786476e-01,
    -2.0527443337539969e-01 ]
