%YAML:1.0
---
pose: [ 6.1970965599999994e-01, -5.2527002000000000e-01,
    2.1330372600000000e-01, -4.6040944561475144e-01,
    -6.3138559682357243e-01, 6.1722755566440801e-01,
    9.1681595977592484e-02 ]
