%YAML:1.0
---
pose: [ 5.7230175799999994e-01, -4.5547415200000002e-01,
    6.8025177000000006e-02, 2.8771906816994280e-01,
    5.7575849218230568e-01, -6.8280799870128828e-01,
    3.4567778841128799e-01 ]
