%YAML:1.0
---
pose: [ 5.2253338599999999e-01, -4.7616064499999999e-01,
    5.1992313000000005e-02, 2.9354533146541151e-01,
    5.8889928384874279e-01, -6.8977091368856469e-01,
    3.0206763892635441e-01 ]
