%YAML:1.0
---
pose: [ 4.1765838599999999e-01, -6.0149108900000003e-01,
    6.0755032000000000e-02, -1.8164432574967518e-01,
    -7.5303373551096253e-01, 6.3074095713788703e-01,
    -4.5949723547955776e-02 ]
