%YAML:1.0
---
pose: [ 6.3422393799999999e-01, -5.3537469500000001e-01,
    3.1754904200000000e-01, -4.9610822224089829e-01,
    -6.1180726360732662e-01, 6.1477291673913648e-01,
    4.0283555780805447e-02 ]
