%YAML:1.0
---
pose: [ 5.9387841799999996e-01, -2.9109652699999999e-01,
    2.6173461900000000e-01, -5.0096714652156571e-01,
    -5.7696535782313596e-01, 6.3024937551346583e-01,
    -1.3758131647482930e-01 ]
