%YAML:1.0
---
pose: [ 4.0841543600000002e-01, -5.6372454800000005e-01,
    1.3261890000000000e-02, -3.6302925478809223e-01,
    -6.2690330789557780e-01, 6.5498478717270048e-01,
    -2.1493471401780878e-01 ]
