%YAML:1.0
---
pose: [ 6.4263855000000003e-01, -3.8490103100000000e-01,
    2.6044552599999998e-01, -5.5253833470643332e-01,
    -5.0349463836176833e-01, 6.3778923019213707e-01,
    -1.8552475757082865e-01 ]
