%YAML:1.0
---
pose: [ 5.6078985599999998e-01, -4.1318356299999998e-01,
    5.7845042999999999e-02, -2.8353331560857892e-01,
    -5.5329566417367837e-01, 7.5866815249149311e-01,
    -1.9466741212066935e-01 ]
