%YAML:1.0
---
pose: [ 5.8807074000000004e-01, -5.0324749800000002e-01,
    9.3716614000000004e-02, -4.1541337948736523e-01,
    -6.5111154553413275e-01, 6.1669094123193890e-01,
    1.5224244617551430e-01 ]
