%YAML:1.0
---
pose: [ 6.3641503899999996e-01, -5.2916253700000004e-01,
    2.8523562600000002e-01, -7.1552507247061814e-01,
    -4.3785971358995301e-01, 5.3797274476445400e-01,
    -8.2994383975308283e-02 ]
