%YAML:1.0
---
pose: [ 5.7777435300000002e-01, -3.4365850799999997e-01,
    9.1720940000000001e-02, -2.4613097543527385e-01,
    -6.0977782928406987e-01, 7.4689901977023032e-01,
    -9.8652907261558009e-02 ]
