%YAML:1.0
---
pose: [ 4.7762915000000000e-01, -5.5962170400000000e-01,
    6.8090996000000001e-02, -1.4611808144557190e-01,
    -7.5850856931396182e-01, 6.2995234064297712e-01,
    -8.0463066498777824e-02 ]
