%YAML:1.0
---
pose: [ 4.3022003200000003e-01, -2.1985966500000001e-01,
    1.1428613300000001e-01, -1.6502193911058657e-01,
    -6.2971758733969474e-01, 7.5165634280294158e-01,
    -1.0600123646147937e-01 ]
