%YAML:1.0
---
pose: [ 5.9659063700000003e-01, -3.5955218500000002e-01,
    5.7839886000000000e-02, 2.5761678805871857e-01,
    5.6581457977439253e-01, -7.4886064456325874e-01,
    2.2955432221881061e-01 ]
