%YAML:1.0
---
pose: [ 5.8890283200000004e-01, -3.8922653200000001e-01,
    1.0988426200000001e-01, -8.6371496153727648e-02,
    -6.3047292306360014e-01, 7.6829707374332523e-01,
    -6.9017855756678209e-02 ]
