%YAML:1.0
---
pose: [ 5.7770465100000001e-01, -2.1979657000000000e-01,
    1.1329544799999999e-01, -2.3537662555247718e-01,
    -6.1390582209665612e-01, 7.4511589575006132e-01,
    -1.1189185689736787e-01 ]
