%YAML:1.0
---
pose: [ 4.6672735599999998e-01, -5.3099444600000001e-01,
    5.1992592000000004e-02, -3.2568770813471731e-01,
    -5.7176481485275721e-01, 7.0541001499209699e-01,
    -2.6345630380614732e-01 ]
